<?xml version="1.0" encoding="UTF-8" standalone="no" ?>
<COLLADA xmlns="http://www.collada.org/2005/11/COLLADASchema" version="1.4.1">
    <asset>
        <contributor>
            <authoring_tool>SketchUp 15.3.331</authoring_tool>
        </contributor>
        <created>2015-10-23T23:13:56Z</created>
        <modified>2015-10-23T23:13:56Z</modified>
        <unit meter="0.0254" name="inch" />
        <up_axis>Z_UP</up_axis>
    </asset>
    <library_visual_scenes>
        <visual_scene id="ID1">
            <node name="SketchUp">
                <instance_geometry url="#ID362">
                    <bind_material>
                        <technique_common>
                            <instance_material symbol="Material2" target="#ID28">
                                <bind_vertex_input semantic="UVSET0" input_semantic="TEXCOORD" input_set="0" />
                            </instance_material>
                        </technique_common>
                    </bind_material>
                </instance_geometry>
                <node id="skp_camera" name="Last Saved SketchUp View">
                    <lookat>-0.9687915 673.8919 580.4299 -1.431814 -1003.305 -880.6442 -0.0001813376 -0.6568547 0.7540171</lookat>
                </node>
                <node id="ID2" name="instance_0">
                    <matrix>1 0 0 1263.393 0 1 0 1.079457e-010 0 0 1 -394.8323 0 0 0 1</matrix>
                    <instance_node url="#ID3" />
                </node>
                <node id="ID90" name="instance_13">
                    <matrix>1 0 0 1211.856 0 1 0 -20.69808 0 0 1 -15.18686 0 0 0 1</matrix>
                    <instance_node url="#ID35" />
                </node>
                <node id="ID91" name="instance_14">
                    <matrix>1 0 0 1292.157 0 1 0 67.04711 0 0 1 -45.94617 0 0 0 1</matrix>
                    <instance_node url="#ID7" />
                </node>
                <node id="ID92" name="instance_15">
                    <matrix>1 0 0 1284.424 0 1 0 -50.31838 0 0 1 -60.58432 0 0 0 1</matrix>
                    <instance_node url="#ID57" />
                </node>
                <node id="ID93" name="instance_16">
                    <matrix>1 0 0 1180.005 0 1 0 -70.93336 0 0 1 -60.58432 0 0 0 1</matrix>
                    <instance_node url="#ID75" />
                </node>
                <node id="ID94" name="instance_17">
                    <matrix>1 0 0 763.3191 0 1 0 -83.80857 0 0 1 -403.7706 0 0 0 1</matrix>
                    <instance_node url="#ID57" />
                </node>
                <node id="ID95" name="instance_18">
                    <matrix>1 0 0 658.9003 0 1 0 -104.4235 0 0 1 -403.7706 0 0 0 1</matrix>
                    <instance_node url="#ID75" />
                </node>
                <node id="ID96" name="instance_19">
                    <matrix>1 0 0 771.0517 0 1 0 33.55692 0 0 1 -389.1324 0 0 0 1</matrix>
                    <instance_node url="#ID7" />
                </node>
                <node id="ID97" name="instance_20">
                    <matrix>1 0 0 690.7514 0 1 0 -54.18826 0 0 1 -358.3731 0 0 0 1</matrix>
                    <instance_node url="#ID35" />
                </node>
                <node id="ID98" name="instance_21">
                    <matrix>-0.809017 0.5877853 0 748.3705 -0.5877853 -0.809017 0 133.4942 0 0 1 -403.7706 0 0 0 1</matrix>
                    <instance_node url="#ID75" />
                </node>
                <node id="ID99" name="instance_22">
                    <matrix>-0.809017 0.5877853 0 676.0111 -0.5877853 -0.809017 0 55.44051 0 0 1 -403.7706 0 0 0 1</matrix>
                    <instance_node url="#ID57" />
                </node>
                <node id="ID100" name="instance_23">
                    <matrix>0.309017 -0.9510565 0 828.4933 0.9510565 0.309017 0 -5.896056 -0 0 1 -403.7706 0 0 0 1</matrix>
                    <instance_node url="#ID57" />
                </node>
                <node id="ID101" name="instance_24">
                    <matrix>1 0 0 658.9003 0 -1 -9.992007e-016 104.4235 0 9.992007e-016 -1 -370.2804 0 0 0 1</matrix>
                    <instance_node url="#ID75" />
                </node>
                <node id="ID102" name="instance_25">
                    <matrix>1 0 0 690.7514 0 -1 -9.992007e-016 54.18826 0 9.992007e-016 -1 -415.6779 0 0 0 1</matrix>
                    <instance_node url="#ID35" />
                </node>
                <node id="ID103" name="instance_26">
                    <matrix>1 0 0 763.3191 0 -1 -9.992007e-016 83.80857 0 9.992007e-016 -1 -370.2804 0 0 0 1</matrix>
                    <instance_node url="#ID57" />
                </node>
                <node id="ID104" name="instance_27">
                    <matrix>0.309017 -0.9510565 0 828.4933 -0.9510565 -0.309017 -9.992007e-016 5.896056 9.502964e-016 3.0877e-016 -1 -370.2804 0 0 0 1</matrix>
                    <instance_node url="#ID57" />
                </node>
                <node id="ID105" name="instance_28">
                    <matrix>-0.809017 0.5877853 0 676.0111 0.5877853 0.809017 -9.992007e-016 -55.44051 -5.873154e-016 -8.083704e-016 -1 -370.2804 0 0 0 1</matrix>
                    <instance_node url="#ID57" />
                </node>
                <node id="ID106" name="instance_29">
                    <matrix>-0.809017 0.5877853 0 748.3705 0.5877853 0.809017 -9.992007e-016 -133.4942 -5.873154e-016 -8.083704e-016 -1 -370.2804 0 0 0 1</matrix>
                    <instance_node url="#ID75" />
                </node>
                <node id="ID107" name="instance_30">
                    <matrix>1 0 0 771.0517 0 1 0 33.55692 0 0 1 -2.106943 0 0 0 1</matrix>
                    <instance_node url="#ID7" />
                </node>
                <node id="ID108" name="instance_31">
                    <matrix>1 0 0 690.7514 0 1 0 -54.18826 0 0 1 107.3925 0 0 0 1</matrix>
                    <instance_node url="#ID35" />
                </node>
                <node id="ID109" name="instance_32">
                    <matrix>-0.809017 0.5877853 0 748.3705 -0.5877853 -0.809017 0 203.9215 0 0 1 18.46857 0 0 0 1</matrix>
                    <instance_node url="#ID75" />
                </node>
                <node id="ID110" name="instance_33">
                    <matrix>-0.809017 -0.5877853 0 938.1081 0.5877853 -0.809017 0 57.22992 0 0 1 18.46857 0 0 0 1</matrix>
                    <instance_node url="#ID75" />
                </node>
                <node id="ID111" name="instance_34">
                    <matrix>0.309017 0.9510565 0 550.2264 -0.9510565 0.309017 0 68.8005 0 -0 1 18.46857 0 0 0 1</matrix>
                    <instance_node url="#ID75" />
                </node>
                <node id="ID112" name="instance_35">
                    <matrix>1 0 0 617.5042 0 1 0 -161.4005 0 0 1 18.46857 0 0 0 1</matrix>
                    <instance_node url="#ID75" />
                </node>
                <node id="ID113" name="instance_36">
                    <matrix>0.309017 -0.9510565 0 857.2283 0.9510565 0.309017 0 -168.5515 -0 0 1 18.46857 0 0 0 1</matrix>
                    <instance_node url="#ID75" />
                </node>
                <node id="ID114" name="instance_37">
                    <matrix>1 0 0 690.7514 0 -1 -2.775558e-016 54.18826 0 2.775558e-016 -1 -107.3925 0 0 0 1</matrix>
                    <instance_node url="#ID35" />
                </node>
                <node id="ID115" name="instance_38">
                    <matrix>0.309017 0.9510565 0 550.2264 0.9510565 -0.309017 -2.775558e-016 -68.8005 -2.639712e-016 8.576945e-017 -1 -18.46857 0 0 0 1</matrix>
                    <instance_node url="#ID75" />
                </node>
                <node id="ID116" name="instance_39">
                    <matrix>1 0 0 617.5042 0 -1 -2.775558e-016 161.4005 0 2.775558e-016 -1 -18.46857 0 0 0 1</matrix>
                    <instance_node url="#ID75" />
                </node>
                <node id="ID117" name="instance_40">
                    <matrix>0.309017 -0.9510565 0 857.2283 -0.9510565 -0.309017 -2.775558e-016 168.5515 2.639712e-016 8.576945e-017 -1 -18.46857 0 0 0 1</matrix>
                    <instance_node url="#ID75" />
                </node>
                <node id="ID118" name="instance_41">
                    <matrix>-0.809017 -0.5877853 0 938.1081 -0.5877853 0.809017 -2.775558e-016 -57.22992 1.631432e-016 -2.245473e-016 -1 -18.46857 0 0 0 1</matrix>
                    <instance_node url="#ID75" />
                </node>
                <node id="ID119" name="instance_42">
                    <matrix>-0.809017 0.5877853 0 748.3705 0.5877853 0.809017 -2.775558e-016 -203.9215 -1.631432e-016 -2.245473e-016 -1 -18.46857 0 0 0 1</matrix>
                    <instance_node url="#ID75" />
                </node>
                <node id="ID120" name="instance_43">
                    <matrix>1 0 0 21.03158 0 1 0 -83.80857 0 0 1 141.8667 0 0 0 1</matrix>
                    <instance_node url="#ID57" />
                </node>
                <node id="ID121" name="instance_44">
                    <matrix>1 0 0 -83.38716 0 1 0 -104.4235 0 0 1 141.8667 0 0 0 1</matrix>
                    <instance_node url="#ID75" />
                </node>
                <node id="ID122" name="instance_45">
                    <matrix>0.309017 -0.9510565 0 86.2058 0.9510565 0.309017 0 -5.896056 -0 0 1 141.8667 0 0 0 1</matrix>
                    <instance_node url="#ID57" />
                </node>
                <node id="ID123" name="instance_46">
                    <matrix>-0.809017 0.5877853 0 -66.27634 -0.5877853 -0.809017 0 55.44051 0 0 1 141.8667 0 0 0 1</matrix>
                    <instance_node url="#ID57" />
                </node>
                <node id="ID124" name="instance_47">
                    <matrix>-0.809017 0.5877853 0 6.083012 -0.5877853 -0.809017 0 133.4942 0 0 1 141.8667 0 0 0 1</matrix>
                    <instance_node url="#ID75" />
                </node>
                <node id="ID125" name="instance_48">
                    <matrix>-0.809017 0.5877853 0 141.0063 -0.5877853 -0.809017 0 177.3334 0 0 1 54.18826 0 0 0 1</matrix>
                    <instance_node url="#ID75" />
                </node>
                <node id="ID126" name="instance_49">
                    <matrix>1 0 0 155.9548 0 1 0 -39.96934 0 0 1 54.18826 0 0 0 1</matrix>
                    <instance_node url="#ID57" />
                </node>
                <node id="ID127" name="instance_50">
                    <matrix>1 0 0 83.38716 0 1 0 -10.34904 0 0 1 99.58573 0 0 0 1</matrix>
                    <instance_node url="#ID35" />
                </node>
                <node id="ID128" name="instance_51">
                    <matrix>1 0 0 155.9548 0 -1 -9.992007e-016 127.6478 0 9.992007e-016 -1 87.67845 0 0 0 1</matrix>
                    <instance_node url="#ID57" />
                </node>
                <node id="ID129" name="instance_52">
                    <matrix>0.309017 -0.9510565 0 221.1291 -0.9510565 -0.309017 -9.992007e-016 49.73528 9.502964e-016 3.0877e-016 -1 87.67845 0 0 0 1</matrix>
                    <instance_node url="#ID57" />
                </node>
                <node id="ID130" name="instance_53">
                    <matrix>1 0 0 21.03158 0 -1 -9.992007e-016 225.6753 0 9.992007e-016 -1 87.67845 0 0 0 1</matrix>
                    <instance_node url="#ID57" />
                </node>
                <node id="ID131" name="instance_54">
                    <matrix>0.309017 -0.9510565 0 86.2058 0.9510565 0.309017 0 135.9707 -0 0 1 54.18826 0 0 0 1</matrix>
                    <instance_node url="#ID57" />
                </node>
                <node id="ID132" name="instance_55">
                    <matrix>1 0 0 -83.38716 0 -1 -9.992007e-016 246.2903 0 9.992007e-016 -1 87.67845 0 0 0 1</matrix>
                    <instance_node url="#ID75" />
                </node>
                <node id="ID133" name="instance_56">
                    <matrix>-0.809017 0.5877853 0 -66.27634 -0.5877853 -0.809017 0 197.3072 0 0 1 54.18826 0 0 0 1</matrix>
                    <instance_node url="#ID57" />
                </node>
                <node id="ID134" name="instance_57">
                    <matrix>1 0 0 -51.5361 0 1 0 87.67845 0 0 1 99.58573 0 0 0 1</matrix>
                    <instance_node url="#ID35" />
                </node>
                <node id="ID135" name="instance_58">
                    <matrix>1 0 0 -218.3104 0 1 0 -60.58432 0 0 1 54.18826 0 0 0 1</matrix>
                    <instance_node url="#ID75" />
                </node>
                <node id="ID136" name="instance_59">
                    <matrix>1 0 0 -186.4594 0 1 0 -10.34904 0 0 1 99.58573 0 0 0 1</matrix>
                    <instance_node url="#ID35" />
                </node>
                <node id="ID137" name="instance_60">
                    <matrix>-0.809017 0.5877853 0 -128.8403 -0.5877853 -0.809017 0 177.3334 0 0 1 54.18826 0 0 0 1</matrix>
                    <instance_node url="#ID75" />
                </node>
                <node id="ID138" name="instance_61">
                    <matrix>-0.809017 0.5877853 0 -201.1996 0.5877853 0.809017 -9.992007e-016 -11.60128 -5.873154e-016 -8.083704e-016 -1 87.67845 0 0 0 1</matrix>
                    <instance_node url="#ID57" />
                </node>
                <node id="ID139" name="instance_62">
                    <matrix>1 0 0 -218.3104 0 -1 -9.992007e-016 148.2628 0 9.992007e-016 -1 87.67845 0 0 0 1</matrix>
                    <instance_node url="#ID75" />
                </node>
                <node id="ID140" name="instance_63">
                    <matrix>1 0 0 -134.9233 0 1 0 -168.9609 0 0 1 99.58573 0 0 0 1</matrix>
                    <instance_node url="#ID35" />
                </node>
                <node id="ID141" name="instance_64">
                    <matrix>-0.809017 0.5877853 0 -149.6635 -0.5877853 -0.809017 0 -59.33208 0 0 1 54.18826 0 0 0 1</matrix>
                    <instance_node url="#ID57" />
                </node>
                <node id="ID142" name="instance_65">
                    <matrix>1 0 0 -62.35559 0 1 0 -198.5812 0 0 1 54.18826 0 0 0 1</matrix>
                    <instance_node url="#ID57" />
                </node>
                <node id="ID143" name="instance_66">
                    <matrix>-0.809017 0.5877853 0 -149.6635 0.5877853 0.809017 -9.992007e-016 -170.2131 -5.873154e-016 -8.083704e-016 -1 87.67845 0 0 0 1</matrix>
                    <instance_node url="#ID57" />
                </node>
                <node id="ID144" name="instance_67">
                    <matrix>-0.809017 0.5877853 0 -77.30415 0.5877853 0.809017 -9.992007e-016 -248.2668 -5.873154e-016 -8.083704e-016 -1 87.67845 0 0 0 1</matrix>
                    <instance_node url="#ID75" />
                </node>
                <node id="ID145" name="instance_68">
                    <matrix>0.309017 -0.9510565 0 169.593 0.9510565 0.309017 0 -120.6686 -0 0 1 54.18826 0 0 0 1</matrix>
                    <instance_node url="#ID57" />
                </node>
                <node id="ID146" name="instance_69">
                    <matrix>1 0 0 -1.135732e-010 0 1 0 -219.1961 0 0 1 54.18826 0 0 0 1</matrix>
                    <instance_node url="#ID75" />
                </node>
                <node id="ID147" name="instance_70">
                    <matrix>1 0 0 31.85106 0 1 0 -168.9609 0 0 1 99.58573 0 0 0 1</matrix>
                    <instance_node url="#ID35" />
                </node>
                <node id="ID148" name="instance_71">
                    <matrix>-0.809017 0.5877853 0 89.47018 0.5877853 0.809017 -9.992007e-016 -248.2668 -5.873154e-016 -8.083704e-016 -1 87.67845 0 0 0 1</matrix>
                    <instance_node url="#ID75" />
                </node>
                <node id="ID149" name="instance_72">
                    <matrix>0.309017 -0.9510565 0 169.593 -0.9510565 -0.309017 -9.992007e-016 -108.8765 9.502964e-016 3.0877e-016 -1 87.67845 0 0 0 1</matrix>
                    <instance_node url="#ID57" />
                </node>
                <node id="ID150" name="instance_73">
                    <matrix>1 0 0 -218.3104 0 1 0 -148.2628 0 0 1 -87.67845 0 0 0 1</matrix>
                    <instance_node url="#ID75" />
                </node>
                <node id="ID151" name="instance_74">
                    <matrix>-0.809017 0.5877853 0 89.47018 -0.5877853 -0.809017 3.330669e-016 248.2668 1.957718e-016 2.694568e-016 1 -87.67845 0 0 0 1</matrix>
                    <instance_node url="#ID75" />
                </node>
                <node id="ID152" name="instance_75">
                    <matrix>-0.809017 0.5877853 0 -77.30415 -0.5877853 -0.809017 3.330669e-016 248.2668 1.957718e-016 2.694568e-016 1 -87.67845 0 0 0 1</matrix>
                    <instance_node url="#ID75" />
                </node>
                <node id="ID153" name="instance_76">
                    <matrix>-0.809017 0.5877853 0 -66.27634 0.5877853 0.809017 5.551115e-016 -55.44051 3.262864e-016 4.490946e-016 -1 -141.8667 0 0 0 1</matrix>
                    <instance_node url="#ID57" />
                </node>
                <node id="ID154" name="instance_77">
                    <matrix>1 0 0 21.03158 0 1 0 -225.6753 0 0 1 -87.67845 0 0 0 1</matrix>
                    <instance_node url="#ID57" />
                </node>
                <node id="ID155" name="instance_78">
                    <matrix>1 0 0 -83.38716 0 1 0 -246.2903 0 0 1 -87.67845 0 0 0 1</matrix>
                    <instance_node url="#ID75" />
                </node>
                <node id="ID156" name="instance_79">
                    <matrix>1 0 0 -186.4594 0 -1 5.551115e-016 10.34904 0 -5.551115e-016 -1 -99.58573 0 0 0 1</matrix>
                    <instance_node url="#ID35" />
                </node>
                <node id="ID157" name="instance_80">
                    <matrix>0.309017 -0.9510565 0 169.593 0.9510565 0.309017 3.330669e-016 108.8765 -3.167655e-016 -1.029233e-016 1 -87.67845 0 0 0 1</matrix>
                    <instance_node url="#ID57" />
                </node>
                <node id="ID158" name="instance_81">
                    <matrix>0.309017 -0.9510565 0 169.593 -0.9510565 -0.309017 5.551115e-016 120.6686 -5.279424e-016 -1.715389e-016 -1 -54.18826 0 0 0 1</matrix>
                    <instance_node url="#ID57" />
                </node>
                <node id="ID159" name="instance_82">
                    <matrix>-0.809017 0.5877853 0 -149.6635 0.5877853 0.809017 5.551115e-016 59.33208 3.262864e-016 4.490946e-016 -1 -54.18826 0 0 0 1</matrix>
                    <instance_node url="#ID57" />
                </node>
                <node id="ID160" name="instance_83">
                    <matrix>1 0 0 83.38716 0 -1 5.551115e-016 10.34904 0 -5.551115e-016 -1 -99.58573 0 0 0 1</matrix>
                    <instance_node url="#ID35" />
                </node>
                <node id="ID161" name="instance_84">
                    <matrix>1 0 0 -218.3104 0 -1 5.551115e-016 60.58432 0 -5.551115e-016 -1 -54.18826 0 0 0 1</matrix>
                    <instance_node url="#ID75" />
                </node>
                <node id="ID162" name="instance_85">
                    <matrix>-0.809017 0.5877853 0 -149.6635 -0.5877853 -0.809017 3.330669e-016 170.2131 1.957718e-016 2.694568e-016 1 -87.67845 0 0 0 1</matrix>
                    <instance_node url="#ID57" />
                </node>
                <node id="ID163" name="instance_86">
                    <matrix>1 0 0 -134.9233 0 -1 5.551115e-016 168.9609 0 -5.551115e-016 -1 -99.58573 0 0 0 1</matrix>
                    <instance_node url="#ID35" />
                </node>
                <node id="ID164" name="instance_87">
                    <matrix>-0.809017 0.5877853 0 -66.27634 0.5877853 0.809017 5.551115e-016 -197.3072 3.262864e-016 4.490946e-016 -1 -54.18826 0 0 0 1</matrix>
                    <instance_node url="#ID57" />
                </node>
                <node id="ID165" name="instance_88">
                    <matrix>-0.809017 0.5877853 0 -128.8403 0.5877853 0.809017 5.551115e-016 -177.3334 3.262864e-016 4.490946e-016 -1 -54.18826 0 0 0 1</matrix>
                    <instance_node url="#ID75" />
                </node>
                <node id="ID166" name="instance_89">
                    <matrix>1 0 0 -2.013394e-010 0 -1 5.551115e-016 219.1961 0 -5.551115e-016 -1 -54.18826 0 0 0 1</matrix>
                    <instance_node url="#ID75" />
                </node>
                <node id="ID167" name="instance_90">
                    <matrix>1 0 0 31.85106 0 -1 5.551115e-016 168.9609 0 -5.551115e-016 -1 -99.58573 0 0 0 1</matrix>
                    <instance_node url="#ID35" />
                </node>
                <node id="ID168" name="instance_91">
                    <matrix>1 0 0 155.9548 0 -1 5.551115e-016 39.96934 0 -5.551115e-016 -1 -54.18826 0 0 0 1</matrix>
                    <instance_node url="#ID57" />
                </node>
                <node id="ID169" name="instance_92">
                    <matrix>1 0 0 155.9548 0 1 0 -127.6478 0 0 1 -87.67845 0 0 0 1</matrix>
                    <instance_node url="#ID57" />
                </node>
                <node id="ID170" name="instance_93">
                    <matrix>0.309017 -0.9510565 0 86.2058 -0.9510565 -0.309017 5.551115e-016 5.896056 -5.279424e-016 -1.715389e-016 -1 -141.8667 0 0 0 1</matrix>
                    <instance_node url="#ID57" />
                </node>
                <node id="ID171" name="instance_94">
                    <matrix>-0.809017 0.5877853 0 6.083012 0.5877853 0.809017 5.551115e-016 -133.4942 3.262864e-016 4.490946e-016 -1 -141.8667 0 0 0 1</matrix>
                    <instance_node url="#ID75" />
                </node>
                <node id="ID172" name="instance_95">
                    <matrix>0.309017 -0.9510565 0 86.2058 -0.9510565 -0.309017 5.551115e-016 -135.9707 -5.279424e-016 -1.715389e-016 -1 -54.18826 0 0 0 1</matrix>
                    <instance_node url="#ID57" />
                </node>
                <node id="ID173" name="instance_96">
                    <matrix>-0.809017 0.5877853 0 141.0063 0.5877853 0.809017 5.551115e-016 -177.3334 3.262864e-016 4.490946e-016 -1 -54.18826 0 0 0 1</matrix>
                    <instance_node url="#ID75" />
                </node>
                <node id="ID174" name="instance_97">
                    <matrix>1 0 0 -83.38716 0 -1 5.551115e-016 104.4235 0 -5.551115e-016 -1 -141.8667 0 0 0 1</matrix>
                    <instance_node url="#ID75" />
                </node>
                <node id="ID175" name="instance_98">
                    <matrix>1 0 0 -62.35559 0 -1 5.551115e-016 198.5812 0 -5.551115e-016 -1 -54.18826 0 0 0 1</matrix>
                    <instance_node url="#ID57" />
                </node>
                <node id="ID176" name="instance_99">
                    <matrix>1 0 0 21.03158 0 -1 5.551115e-016 83.80857 0 -5.551115e-016 -1 -141.8667 0 0 0 1</matrix>
                    <instance_node url="#ID57" />
                </node>
                <node id="ID177" name="instance_100">
                    <matrix>0.309017 -0.9510565 0 221.1291 0.9510565 0.309017 3.330669e-016 -49.73528 -3.167655e-016 -1.029233e-016 1 -87.67845 0 0 0 1</matrix>
                    <instance_node url="#ID57" />
                </node>
                <node id="ID178" name="instance_101">
                    <matrix>1 0 0 -51.5361 0 -1 5.551115e-016 -87.67845 0 -5.551115e-016 -1 -99.58573 0 0 0 1</matrix>
                    <instance_node url="#ID35" />
                </node>
                <node id="ID179" name="instance_102">
                    <matrix>-0.809017 0.5877853 0 -201.1996 -0.5877853 -0.809017 3.330669e-016 11.60128 1.957718e-016 2.694568e-016 1 -87.67845 0 0 0 1</matrix>
                    <instance_node url="#ID57" />
                </node>
                <node id="ID180" name="instance_103">
                    <matrix>0.309017 -0.9510565 0 -822.856 0.9510565 0.309017 0 -5.896056 -0 0 1 -16.74509 0 0 0 1</matrix>
                    <instance_node url="#ID57" />
                </node>
                <node id="ID181" name="instance_104">
                    <matrix>1 0 0 -960.5979 0 -1 -9.992007e-016 54.18826 0 9.992007e-016 -1 -28.65237 0 0 0 1</matrix>
                    <instance_node url="#ID35" />
                </node>
                <node id="ID182" name="instance_105">
                    <matrix>-0.809017 0.5877853 0 -902.9788 -0.5877853 -0.809017 0 133.4942 0 0 1 -16.74509 0 0 0 1</matrix>
                    <instance_node url="#ID75" />
                </node>
                <node id="ID183" name="instance_106">
                    <matrix>-0.809017 0.5877853 0 -975.3382 -0.5877853 -0.809017 0 55.44051 0 0 1 -16.74509 0 0 0 1</matrix>
                    <instance_node url="#ID57" />
                </node>
                <node id="ID184" name="instance_107">
                    <matrix>1 0 0 -888.0302 0 1 0 -83.80857 0 0 1 -16.74509 0 0 0 1</matrix>
                    <instance_node url="#ID57" />
                </node>
                <node id="ID185" name="instance_108">
                    <matrix>1 0 0 -880.2976 0 1 0 33.55692 0 0 1 -2.106943 0 0 0 1</matrix>
                    <instance_node url="#ID7" />
                </node>
                <node id="ID186" name="instance_109">
                    <matrix>1 0 0 -960.5979 0 1 0 -54.18826 0 0 1 28.65237 0 0 0 1</matrix>
                    <instance_node url="#ID35" />
                </node>
                <node id="ID187" name="instance_110">
                    <matrix>0.309017 -0.9510565 0 -822.856 -0.9510565 -0.309017 -9.992007e-016 5.896056 9.502964e-016 3.0877e-016 -1 16.74509 0 0 0 1</matrix>
                    <instance_node url="#ID57" />
                </node>
                <node id="ID188" name="instance_111">
                    <matrix>1 0 0 -992.449 0 1 0 -104.4235 0 0 1 -16.74509 0 0 0 1</matrix>
                    <instance_node url="#ID75" />
                </node>
                <node id="ID189" name="instance_112">
                    <matrix>-0.809017 0.5877853 0 -975.3382 0.5877853 0.809017 -9.992007e-016 -55.44051 -5.873154e-016 -8.083704e-016 -1 16.74509 0 0 0 1</matrix>
                    <instance_node url="#ID57" />
                </node>
                <node id="ID190" name="instance_113">
                    <matrix>1 0 0 -992.449 0 -1 -9.992007e-016 104.4235 0 9.992007e-016 -1 16.74509 0 0 0 1</matrix>
                    <instance_node url="#ID75" />
                </node>
                <node id="ID191" name="instance_114">
                    <matrix>-0.809017 0.5877853 0 -902.9788 0.5877853 0.809017 -9.992007e-016 -133.4942 -5.873154e-016 -8.083704e-016 -1 16.74509 0 0 0 1</matrix>
                    <instance_node url="#ID75" />
                </node>
                <node id="ID192" name="instance_115">
                    <matrix>1 0 0 -888.0302 0 -1 -9.992007e-016 83.80857 0 9.992007e-016 -1 16.74509 0 0 0 1</matrix>
                    <instance_node url="#ID57" />
                </node>
                <node id="ID193" name="instance_116">
                    <matrix>1 0 0 -880.2976 0 1 0 33.55692 0 0 1 156.5049 0 0 0 1</matrix>
                    <instance_node url="#ID7" />
                </node>
                <node id="ID194" name="instance_117">
                    <matrix>1 0 0 -1015.221 0 1 0 77.39615 0 0 1 68.82642 0 0 0 1</matrix>
                    <instance_node url="#ID7" />
                </node>
                <node id="ID195" name="instance_118">
                    <matrix>1 0 0 -745.3744 0 1 0 77.39615 0 0 1 68.82642 0 0 0 1</matrix>
                    <instance_node url="#ID7" />
                </node>
                <node id="ID196" name="instance_119">
                    <matrix>1 0 0 -880.2976 0 1 0 175.4236 0 0 1 68.82642 0 0 0 1</matrix>
                    <instance_node url="#ID7" />
                </node>
                <node id="ID197" name="instance_120">
                    <matrix>1 0 0 -796.9105 0 1 0 -81.21567 0 0 1 68.82642 0 0 0 1</matrix>
                    <instance_node url="#ID7" />
                </node>
                <node id="ID198" name="instance_121">
                    <matrix>1 0 0 -963.6848 0 1 0 -81.21567 0 0 1 68.82642 0 0 0 1</matrix>
                    <instance_node url="#ID7" />
                </node>
                <node id="ID199" name="instance_122">
                    <matrix>1 0 0 -963.6848 0 -1 9.827208e-016 81.21567 0 -9.827208e-016 -1 -68.82642 0 0 0 1</matrix>
                    <instance_node url="#ID7" />
                </node>
                <node id="ID200" name="instance_123">
                    <matrix>1 0 0 -1015.221 0 -1 9.827208e-016 -77.39615 0 -9.827208e-016 -1 -68.82642 0 0 0 1</matrix>
                    <instance_node url="#ID7" />
                </node>
                <node id="ID201" name="instance_124">
                    <matrix>1 0 0 -880.2976 0 -1 9.827208e-016 -33.55692 0 -9.827208e-016 -1 -156.5049 0 0 0 1</matrix>
                    <instance_node url="#ID7" />
                </node>
                <node id="ID202" name="instance_125">
                    <matrix>1 0 0 -745.3744 0 -1 9.827208e-016 -77.39615 0 -9.827208e-016 -1 -68.82642 0 0 0 1</matrix>
                    <instance_node url="#ID7" />
                </node>
                <node id="ID203" name="instance_126">
                    <matrix>1 0 0 -880.2976 0 -1 9.827208e-016 -175.4236 0 -9.827208e-016 -1 -68.82642 0 0 0 1</matrix>
                    <instance_node url="#ID7" />
                </node>
                <node id="ID204" name="instance_127">
                    <matrix>1 0 0 -796.9105 0 -1 9.827208e-016 81.21567 0 -9.827208e-016 -1 -68.82642 0 0 0 1</matrix>
                    <instance_node url="#ID7" />
                </node>
                <node id="ID205" name="instance_128">
                    <matrix>1 0 0 -1127.372 0 1 0 -148.2628 0 0 1 -87.67845 0 0 0 1</matrix>
                    <instance_node url="#ID75" />
                </node>
                <node id="ID206" name="instance_129">
                    <matrix>0.309017 -0.9510565 0 -822.856 0.9510565 0.309017 0 135.9707 -0 0 1 54.18826 0 0 0 1</matrix>
                    <instance_node url="#ID57" />
                </node>
                <node id="ID207" name="instance_130">
                    <matrix>-0.809017 0.5877853 0 -1110.261 0.5877853 0.809017 -9.992007e-016 -11.60128 -5.873154e-016 -8.083704e-016 -1 87.67845 0 0 0 1</matrix>
                    <instance_node url="#ID57" />
                </node>
                <node id="ID208" name="instance_131">
                    <matrix>-0.809017 0.5877853 0 -768.0555 -0.5877853 -0.809017 0 177.3334 0 0 1 54.18826 0 0 0 1</matrix>
                    <instance_node url="#ID75" />
                </node>
                <node id="ID209" name="instance_132">
                    <matrix>1 0 0 -1127.372 0 1 0 -60.58432 0 0 1 54.18826 0 0 0 1</matrix>
                    <instance_node url="#ID75" />
                </node>
                <node id="ID210" name="instance_133">
                    <matrix>1 0 0 -960.5979 0 1 0 87.67845 0 0 1 99.58573 0 0 0 1</matrix>
                    <instance_node url="#ID35" />
                </node>
                <node id="ID211" name="instance_134">
                    <matrix>0.309017 -0.9510565 0 -687.9327 -0.9510565 -0.309017 -9.992007e-016 49.73528 9.502964e-016 3.0877e-016 -1 87.67845 0 0 0 1</matrix>
                    <instance_node url="#ID57" />
                </node>
                <node id="ID212" name="instance_135">
                    <matrix>-0.809017 0.5877853 0 -986.366 0.5877853 0.809017 -9.992007e-016 -248.2668 -5.873154e-016 -8.083704e-016 -1 87.67845 0 0 0 1</matrix>
                    <instance_node url="#ID75" />
                </node>
                <node id="ID213" name="instance_136">
                    <matrix>-0.809017 0.5877853 0 -1058.725 0.5877853 0.809017 -9.992007e-016 -170.2131 -5.873154e-016 -8.083704e-016 -1 87.67845 0 0 0 1</matrix>
                    <instance_node url="#ID57" />
                </node>
                <node id="ID214" name="instance_137">
                    <matrix>1 0 0 -888.0302 0 -1 -9.992007e-016 225.6753 0 9.992007e-016 -1 87.67845 0 0 0 1</matrix>
                    <instance_node url="#ID57" />
                </node>
                <node id="ID215" name="instance_138">
                    <matrix>1 0 0 -888.0302 0 1 0 -83.80857 0 0 1 141.8667 0 0 0 1</matrix>
                    <instance_node url="#ID57" />
                </node>
                <node id="ID216" name="instance_139">
                    <matrix>-0.809017 0.5877853 0 -902.9788 -0.5877853 -0.809017 0 133.4942 0 0 1 141.8667 0 0 0 1</matrix>
                    <instance_node url="#ID75" />
                </node>
                <node id="ID217" name="instance_140">
                    <matrix>-0.809017 0.5877853 0 -975.3382 -0.5877853 -0.809017 0 55.44051 0 0 1 141.8667 0 0 0 1</matrix>
                    <instance_node url="#ID57" />
                </node>
                <node id="ID218" name="instance_141">
                    <matrix>1 0 0 -753.107 0 -1 -9.992007e-016 127.6478 0 9.992007e-016 -1 87.67845 0 0 0 1</matrix>
                    <instance_node url="#ID57" />
                </node>
                <node id="ID219" name="instance_142">
                    <matrix>-0.809017 0.5877853 0 -819.5916 0.5877853 0.809017 -9.992007e-016 -248.2668 -5.873154e-016 -8.083704e-016 -1 87.67845 0 0 0 1</matrix>
                    <instance_node url="#ID75" />
                </node>
                <node id="ID220" name="instance_143">
                    <matrix>1 0 0 -753.107 0 1 0 -39.96934 0 0 1 54.18826 0 0 0 1</matrix>
                    <instance_node url="#ID57" />
                </node>
                <node id="ID221" name="instance_144">
                    <matrix>1 0 0 -877.2107 0 1 0 -168.9609 0 0 1 99.58573 0 0 0 1</matrix>
                    <instance_node url="#ID35" />
                </node>
                <node id="ID222" name="instance_145">
                    <matrix>-0.809017 0.5877853 0 -1037.902 -0.5877853 -0.809017 0 177.3334 0 0 1 54.18826 0 0 0 1</matrix>
                    <instance_node url="#ID75" />
                </node>
                <node id="ID223" name="instance_146">
                    <matrix>1 0 0 -1127.372 0 -1 -9.992007e-016 148.2628 0 9.992007e-016 -1 87.67845 0 0 0 1</matrix>
                    <instance_node url="#ID75" />
                </node>
                <node id="ID224" name="instance_147">
                    <matrix>-0.809017 0.5877853 0 -1058.725 -0.5877853 -0.809017 0 -59.33208 0 0 1 54.18826 0 0 0 1</matrix>
                    <instance_node url="#ID57" />
                </node>
                <node id="ID225" name="instance_148">
                    <matrix>0.309017 -0.9510565 0 -822.856 0.9510565 0.309017 0 -5.896056 -0 0 1 141.8667 0 0 0 1</matrix>
                    <instance_node url="#ID57" />
                </node>
                <node id="ID226" name="instance_149">
                    <matrix>-0.809017 0.5877853 0 -819.5916 -0.5877853 -0.809017 3.330669e-016 248.2668 1.957718e-016 2.694568e-016 1 -87.67845 0 0 0 1</matrix>
                    <instance_node url="#ID75" />
                </node>
                <node id="ID227" name="instance_150">
                    <matrix>-0.809017 0.5877853 0 -986.366 -0.5877853 -0.809017 3.330669e-016 248.2668 1.957718e-016 2.694568e-016 1 -87.67845 0 0 0 1</matrix>
                    <instance_node url="#ID75" />
                </node>
                <node id="ID228" name="instance_151">
                    <matrix>1 0 0 -1043.985 0 1 0 -168.9609 0 0 1 99.58573 0 0 0 1</matrix>
                    <instance_node url="#ID35" />
                </node>
                <node id="ID229" name="instance_152">
                    <matrix>1 0 0 -992.449 0 1 0 -104.4235 0 0 1 141.8667 0 0 0 1</matrix>
                    <instance_node url="#ID75" />
                </node>
                <node id="ID230" name="instance_153">
                    <matrix>1 0 0 -992.449 0 -1 -9.992007e-016 246.2903 0 9.992007e-016 -1 87.67845 0 0 0 1</matrix>
                    <instance_node url="#ID75" />
                </node>
                <node id="ID231" name="instance_154">
                    <matrix>1 0 0 -1095.521 0 1 0 -10.34904 0 0 1 99.58573 0 0 0 1</matrix>
                    <instance_node url="#ID35" />
                </node>
                <node id="ID232" name="instance_155">
                    <matrix>1 0 0 -825.6746 0 1 0 -10.34904 0 0 1 99.58573 0 0 0 1</matrix>
                    <instance_node url="#ID35" />
                </node>
                <node id="ID233" name="instance_156">
                    <matrix>-0.809017 0.5877853 0 -975.3382 -0.5877853 -0.809017 0 197.3072 0 0 1 54.18826 0 0 0 1</matrix>
                    <instance_node url="#ID57" />
                </node>
                <node id="ID234" name="instance_157">
                    <matrix>1 0 0 -971.4174 0 1 0 -198.5812 0 0 1 54.18826 0 0 0 1</matrix>
                    <instance_node url="#ID57" />
                </node>
                <node id="ID235" name="instance_158">
                    <matrix>0.309017 -0.9510565 0 -739.4688 0.9510565 0.309017 0 -120.6686 -0 0 1 54.18826 0 0 0 1</matrix>
                    <instance_node url="#ID57" />
                </node>
                <node id="ID236" name="instance_159">
                    <matrix>1 0 0 -909.0618 0 1 0 -219.1961 0 0 1 54.18826 0 0 0 1</matrix>
                    <instance_node url="#ID75" />
                </node>
                <node id="ID237" name="instance_160">
                    <matrix>1 0 0 -753.107 0 -1 5.551115e-016 39.96934 0 -5.551115e-016 -1 -54.18826 0 0 0 1</matrix>
                    <instance_node url="#ID57" />
                </node>
                <node id="ID238" name="instance_161">
                    <matrix>-0.809017 0.5877853 0 -902.9788 0.5877853 0.809017 5.551115e-016 -133.4942 3.262864e-016 4.490946e-016 -1 -141.8667 0 0 0 1</matrix>
                    <instance_node url="#ID75" />
                </node>
                <node id="ID239" name="instance_162">
                    <matrix>-0.809017 0.5877853 0 -768.0555 0.5877853 0.809017 5.551115e-016 -177.3334 3.262864e-016 4.490946e-016 -1 -54.18826 0 0 0 1</matrix>
                    <instance_node url="#ID75" />
                </node>
                <node id="ID240" name="instance_163">
                    <matrix>1 0 0 -888.0302 0 -1 5.551115e-016 83.80857 0 -5.551115e-016 -1 -141.8667 0 0 0 1</matrix>
                    <instance_node url="#ID57" />
                </node>
                <node id="ID241" name="instance_164">
                    <matrix>1 0 0 -960.5979 0 -1 5.551115e-016 -87.67845 0 -5.551115e-016 -1 -99.58573 0 0 0 1</matrix>
                    <instance_node url="#ID35" />
                </node>
                <node id="ID242" name="instance_165">
                    <matrix>-0.809017 0.5877853 0 -1110.261 -0.5877853 -0.809017 3.330669e-016 11.60128 1.957718e-016 2.694568e-016 1 -87.67845 0 0 0 1</matrix>
                    <instance_node url="#ID57" />
                </node>
                <node id="ID243" name="instance_166">
                    <matrix>1 0 0 -888.0302 0 1 0 -225.6753 0 0 1 -87.67845 0 0 0 1</matrix>
                    <instance_node url="#ID57" />
                </node>
                <node id="ID244" name="instance_167">
